30 50
0
0
0
3 3 5 1 1 1
1 1 1 1 1 1 1 1 2 2
2 1 1 2 1 1 1 1 1
1 1 1 1 1 1 1
4 7 4 1 1 1 1
3 1 1 1 3 1 1 1
2 2 1 2 2 5 1 1
3 1 1 1 3
3 1 1 1 3 1 1 1 1 3 3
1 1 1 1 1 1 1 1 1 1 1 1 1 1
1 1 1 1 1 1 1 1 1 1 1 1 1 1
2 1 13 1 2 4 1 1 3 1
2 1 1 1 1 1 1 1 2 1 1 1 1 1 1 1
1 1 1 1 1 1 1 1 1 1 1 1 1 1
1 1 1 3 1 1 1 1 1 2 1 1 1
1 1 3 3 1 1
2 1 3 1 2 17
1 4 4 1 1
3 3 14
9 1
11
0
0
0
0
0
0
0
0
0
0
0
0
5
4 2 1
4 1
2 8 2
4 1 1
2 1 8 1 1
1 1 1 1 1 2
2 1 1 1 1 1
1 1 1 1 1 1
1 1 2 1 1 1
1 1 1 1 1 1
12 1 1
1 1 1 1 1 1
1 1 2 1 1 1
1 1 1 1 1 1
2 1 1 1 1 1
1 1 1 1 1 2
2 1 8 1 1
4 1 1
2 8 2
4 1
4 2 1
5
0
0
7 1
1 1 1
1 1 1 1 2
1 1 7 1 1 1
7 1 1 1
1 1 6 1 1 1
1 1 1 1 1 1
1 1 1 1
2 6 1 1 1
1 1 1
7 7 1 1 1
1 1 1 1 1 1
1 1 2 1 1 1
2 2 2 1 1 1
1 1 1
1 1 2
7 7 1
1
0
00000000000000000000000000000000000000000000000000
00000000000000000000000000000000000000000000000000
00000000000000000000000000000000000000000000000000
00000000000011100000111000000000011111010100000100
00000000000101010001010100000000000100010110001100
00000000001100001010000110000000000100000101010100
00000000001000000100000010000000000100000100100100
00000000011110111111101111000000000100000100100100
00000000111001000100010011100000000100000100000100
00000001100110000100001100110000011111000100000100
00000001110100000100000101110000000000000000000000
00000001110100000100000101110001001010010111001110
00000001010100000100000101010001001010010100100100
00000010010100000100000101001001001010010100100100
00000011010111111111111101011001111010010111000100
00000011010100010101000101011001001010010101000100
00000010010100000100000101001001001010010100100100
00000010010010001110001001001001001001100100100100
00000001001001110001110010010000000000000000000000
00000000110100001110000101100001111111111111111100
00000000010011110001111001000000000000000000001000
00000000001110000000001110000000111111111111110000
00000000000001111111110000000000010000000000000000
00000000000000000000000000000000001111111111100000
00000000000000000000000000000000000000000000000000
00000000000000000000000000000000000000000000000000
00000000000000000000000000000000000000000000000000
00000000000000000000000000000000000000000000000000
00000000000000000000000000000000000000000000000000
00000000000000000000000000000000000000000000000000